# mapDim=1 mapSize={5,5} pointDim=22 pointRealDim=19 mapMin={0} mapMax={0}
 0.000076 0.008062 0.005694 0.013439 0.018939 0.005729 0.003581 0.026465 0.003637 0.764102 0.061832 0.000007 0.015969 0.024596 0.008616 0.004624 0.000818 0.016578 0.000000 0.000300 0.001196 0.015739
 0.000135 0.014505 0.010938 0.027916 0.038565 0.012458 0.006850 0.037726 0.007636 0.627222 0.059569 0.000012 0.033044 0.050427 0.017739 0.009604 0.001680 0.030297 0.000000 0.000547 0.001275 0.011854
 0.000183 0.019805 0.016935 0.047468 0.062956 0.024133 0.010139 0.039755 0.013277 0.476891 0.049592 0.000014 0.055636 0.083070 0.029585 0.016346 0.002783 0.041211 0.000000 0.000734 0.001052 0.008432
 0.000205 0.022286 0.023423 0.063755 0.079882 0.044842 0.011918 0.036737 0.018243 0.363041 0.041729 0.000014 0.073264 0.105632 0.038513 0.021903 0.003585 0.043427 0.000000 0.000747 0.000798 0.006056
 0.000211 0.023392 0.033161 0.071865 0.083820 0.089859 0.012424 0.033763 0.020452 0.289954 0.037019 0.000015 0.078451 0.109091 0.040891 0.023832 0.004370 0.040894 0.000000 0.000926 0.001018 0.004591
 0.000136 0.014533 0.011074 0.027934 0.038636 0.012448 0.006868 0.037888 0.007644 0.625655 0.060743 0.000012 0.032989 0.050297 0.017625 0.009513 0.001717 0.030493 0.000000 0.000549 0.001280 0.011966
 0.000184 0.019939 0.017168 0.047983 0.063275 0.024147 0.010215 0.039926 0.013347 0.473802 0.050297 0.000014 0.055779 0.083266 0.029523 0.016241 0.002935 0.041656 0.000000 0.000737 0.001058 0.008509
 0.000204 0.022406 0.023542 0.065000 0.080225 0.044364 0.012001 0.036737 0.018418 0.360719 0.041655 0.000015 0.073367 0.105716 0.038438 0.021791 0.003956 0.043861 0.000000 0.000744 0.000796 0.006046
 0.000211 0.023365 0.032692 0.071827 0.083821 0.089086 0.012388 0.033826 0.020450 0.290903 0.037069 0.000015 0.078437 0.109257 0.040903 0.023800 0.004385 0.041035 0.000000 0.000913 0.001000 0.004616
 0.000197 0.021876 0.041045 0.066908 0.075275 0.194748 0.011342 0.029668 0.019012 0.234491 0.032137 0.000014 0.071142 0.097112 0.037101 0.021897 0.004357 0.035393 0.000000 0.001154 0.001529 0.003602
 0.000184 0.020010 0.017351 0.048126 0.063518 0.024163 0.010283 0.039991 0.013412 0.472894 0.050595 0.000015 0.055750 0.083036 0.029428 0.016183 0.002978 0.041785 0.000000 0.000739 0.001059 0.008502
 0.000205 0.022527 0.023645 0.065517 0.080638 0.044513 0.012079 0.036852 0.018546 0.357943 0.041900 0.000015 0.073536 0.105940 0.038490 0.021776 0.004104 0.044162 0.000000 0.000746 0.000799 0.006068
 0.000211 0.023431 0.032629 0.072374 0.084013 0.088681 0.012433 0.033892 0.020593 0.289438 0.037103 0.000015 0.078525 0.109409 0.040965 0.023803 0.004626 0.041271 0.000000 0.000942 0.001035 0.004613
 0.000197 0.021894 0.040855 0.066988 0.075393 0.194074 0.011354 0.029725 0.019038 0.234619 0.032198 0.000014 0.071207 0.097250 0.037155 0.021915 0.004366 0.035477 0.000000 0.001151 0.001522 0.003610
 0.000150 0.016665 0.037619 0.050346 0.055873 0.399682 0.008534 0.022050 0.014310 0.167570 0.023799 0.000010 0.053006 0.071778 0.027684 0.016430 0.003392 0.025968 0.000000 0.001022 0.001573 0.002540
 0.000204 0.022565 0.023925 0.065703 0.080775 0.044454 0.012127 0.036891 0.018621 0.357245 0.041909 0.000015 0.073588 0.105837 0.038488 0.021804 0.004139 0.044134 0.000000 0.000744 0.000796 0.006036
 0.000211 0.023504 0.032725 0.072673 0.084240 0.088753 0.012486 0.034014 0.020709 0.287492 0.037221 0.000015 0.078680 0.109618 0.041054 0.023839 0.004718 0.041423 0.000000 0.000956 0.001052 0.004618
 0.000197 0.021949 0.040879 0.067243 0.075533 0.193317 0.011392 0.029820 0.019134 0.233832 0.032281 0.000014 0.071334 0.097443 0.037237 0.021956 0.004469 0.035615 0.000000 0.001177 0.001567 0.003611
 0.000151 0.016708 0.037660 0.050484 0.056014 0.398616 0.008559 0.022113 0.014349 0.167604 0.023869 0.000010 0.053122 0.071933 0.027745 0.016471 0.003398 0.026041 0.000000 0.001027 0.001582 0.002543
 0.000086 0.009535 0.023441 0.028631 0.031615 0.658920 0.004861 0.012505 0.008139 0.093500 0.013483 0.000006 0.030036 0.040542 0.015693 0.009340 0.001952 0.014641 0.000000 0.000624 0.001041 0.001409
 0.000211 0.023500 0.033133 0.072689 0.084204 0.088754 0.012500 0.033997 0.020708 0.287810 0.037155 0.000015 0.078550 0.109268 0.040979 0.023851 0.004727 0.041318 0.000000 0.000973 0.001074 0.004583
 0.000197 0.021972 0.041048 0.067336 0.075621 0.193347 0.011419 0.029887 0.019178 0.233208 0.032315 0.000014 0.071316 0.097370 0.037250 0.021975 0.004502 0.035651 0.000000 0.001193 0.001596 0.003604
 0.000151 0.016741 0.037807 0.050607 0.056130 0.397855 0.008586 0.022183 0.014395 0.167460 0.023922 0.000010 0.053162 0.071983 0.027784 0.016495 0.003428 0.026097 0.000000 0.001044 0.001620 0.002541
 0.000086 0.009546 0.023512 0.028669 0.031662 0.658665 0.004870 0.012529 0.008151 0.093478 0.013501 0.000006 0.030044 0.040543 0.015700 0.009346 0.001952 0.014653 0.000000 0.000629 0.001053 0.001407
 0.000038 0.004160 0.010585 0.012464 0.013744 0.851497 0.002119 0.005443 0.003544 0.040437 0.005863 0.000003 0.013052 0.017592 0.006820 0.004064 0.000853 0.006353 0.000000 0.000280 0.000485 0.000607
